Start puzzle state:
[ 4 1 5 ]
[ 8 7 3 ]
[ 6   2 ]


Goal puzzle state:
[ 1 2 3 ]
[ 4 5 6 ]
[ 7 8   ]


Found path (17 moves):
[ 4 1 5 ]
[ 8 7 3 ]
[ 6   2 ]

[ 4 1 5 ]
[ 8 7 3 ]
[   6 2 ]

[ 4 1 5 ]
[   7 3 ]
[ 8 6 2 ]

[ 4 1 5 ]
[ 7   3 ]
[ 8 6 2 ]

[ 4 1 5 ]
[ 7 3   ]
[ 8 6 2 ]

[ 4 1 5 ]
[ 7 3 2 ]
[ 8 6   ]

[ 4 1 5 ]
[ 7 3 2 ]
[ 8   6 ]

[ 4 1 5 ]
[ 7 3 2 ]
[   8 6 ]

[ 4 1 5 ]
[   3 2 ]
[ 7 8 6 ]

[   1 5 ]
[ 4 3 2 ]
[ 7 8 6 ]

[ 1   5 ]
[ 4 3 2 ]
[ 7 8 6 ]

[ 1 3 5 ]
[ 4   2 ]
[ 7 8 6 ]

[ 1 3 5 ]
[ 4 2   ]
[ 7 8 6 ]

[ 1 3   ]
[ 4 2 5 ]
[ 7 8 6 ]

[ 1   3 ]
[ 4 2 5 ]
[ 7 8 6 ]

[ 1 2 3 ]
[ 4   5 ]
[ 7 8 6 ]

[ 1 2 3 ]
[ 4 5   ]
[ 7 8 6 ]

[ 1 2 3 ]
[ 4 5 6 ]
[ 7 8   ]


real	0m4.097s
user	0m4.092s
sys	0m0.000s

----------------------------------------------

Start puzzle state:
[ 8   6 ]
[ 1 5 3 ]
[ 2 4 7 ]


Goal puzzle state:
[ 1 2 3 ]
[ 4 5 6 ]
[ 7 8   ]


Found path (23 moves):
[ 8   6 ]
[ 1 5 3 ]
[ 2 4 7 ]

[ 8 5 6 ]
[ 1   3 ]
[ 2 4 7 ]

[ 8 5 6 ]
[ 1 3   ]
[ 2 4 7 ]

[ 8 5   ]
[ 1 3 6 ]
[ 2 4 7 ]

[ 8   5 ]
[ 1 3 6 ]
[ 2 4 7 ]

[ 8 3 5 ]
[ 1   6 ]
[ 2 4 7 ]

[ 8 3 5 ]
[   1 6 ]
[ 2 4 7 ]

[ 8 3 5 ]
[ 2 1 6 ]
[   4 7 ]

[ 8 3 5 ]
[ 2 1 6 ]
[ 4   7 ]

[ 8 3 5 ]
[ 2 1 6 ]
[ 4 7   ]

[ 8 3 5 ]
[ 2 1   ]
[ 4 7 6 ]

[ 8 3   ]
[ 2 1 5 ]
[ 4 7 6 ]

[ 8   3 ]
[ 2 1 5 ]
[ 4 7 6 ]

[ 8 1 3 ]
[ 2   5 ]
[ 4 7 6 ]

[ 8 1 3 ]
[   2 5 ]
[ 4 7 6 ]

[   1 3 ]
[ 8 2 5 ]
[ 4 7 6 ]

[ 1   3 ]
[ 8 2 5 ]
[ 4 7 6 ]

[ 1 2 3 ]
[ 8   5 ]
[ 4 7 6 ]

[ 1 2 3 ]
[   8 5 ]
[ 4 7 6 ]

[ 1 2 3 ]
[ 4 8 5 ]
[   7 6 ]

[ 1 2 3 ]
[ 4 8 5 ]
[ 7   6 ]

[ 1 2 3 ]
[ 4   5 ]
[ 7 8 6 ]

[ 1 2 3 ]
[ 4 5   ]
[ 7 8 6 ]

[ 1 2 3 ]
[ 4 5 6 ]
[ 7 8   ]


real	18m27.298s
user	18m27.168s
sys	0m0.012s

---------------------------------------------

Start puzzle state:
[ 4 8 6 ]
[ 1 5 7 ]
[ 3   2 ]


Goal puzzle state:
[ 1 2 3 ]
[ 4 5 6 ]
[ 7 8   ]


Found path (27 moves):
[ 4 8 6 ]
[ 1 5 7 ]
[ 3   2 ]

[ 4 8 6 ]
[ 1   7 ]
[ 3 5 2 ]

[ 4 8 6 ]
[ 1 7   ]
[ 3 5 2 ]

[ 4 8 6 ]
[ 1 7 2 ]
[ 3 5   ]

[ 4 8 6 ]
[ 1 7 2 ]
[ 3   5 ]

[ 4 8 6 ]
[ 1   2 ]
[ 3 7 5 ]

[ 4   6 ]
[ 1 8 2 ]
[ 3 7 5 ]

[ 4 6   ]
[ 1 8 2 ]
[ 3 7 5 ]

[ 4 6 2 ]
[ 1 8   ]
[ 3 7 5 ]

[ 4 6 2 ]
[ 1   8 ]
[ 3 7 5 ]

[ 4 6 2 ]
[   1 8 ]
[ 3 7 5 ]

[ 4 6 2 ]
[ 3 1 8 ]
[   7 5 ]

[ 4 6 2 ]
[ 3 1 8 ]
[ 7   5 ]

[ 4 6 2 ]
[ 3 1 8 ]
[ 7 5   ]

[ 4 6 2 ]
[ 3 1   ]
[ 7 5 8 ]

[ 4 6   ]
[ 3 1 2 ]
[ 7 5 8 ]

[ 4   6 ]
[ 3 1 2 ]
[ 7 5 8 ]

[ 4 1 6 ]
[ 3   2 ]
[ 7 5 8 ]

[ 4 1 6 ]
[   3 2 ]
[ 7 5 8 ]

[   1 6 ]
[ 4 3 2 ]
[ 7 5 8 ]

[ 1   6 ]
[ 4 3 2 ]
[ 7 5 8 ]

[ 1 3 6 ]
[ 4   2 ]
[ 7 5 8 ]

[ 1 3 6 ]
[ 4 2   ]
[ 7 5 8 ]

[ 1 3   ]
[ 4 2 6 ]
[ 7 5 8 ]

[ 1   3 ]
[ 4 2 6 ]
[ 7 5 8 ]

[ 1 2 3 ]
[ 4   6 ]
[ 7 5 8 ]

[ 1 2 3 ]
[ 4 5 6 ]
[ 7   8 ]

[ 1 2 3 ]
[ 4 5 6 ]
[ 7 8   ]


real	292m12.781s
user	292m10.668s
sys	0m0.072s

----------------------------------------------

